-122.830000 48.090000 0.047285
-122.920000 48.080000 0.050023
-122.900000 47.940000 0.042787
-123.240000 47.700000 0.046438
-122.950000 47.770000 0.034121
-123.190000 47.770000 0.037525
-122.890000 47.910000 0.048007
-123.210000 47.780000 0.038974
-122.980000 47.940000 0.046080
-122.997559 47.915727 0.041624
-122.994336 47.913851 0.033628
-122.640000 47.890000 0.048907
-123.203760 47.938481 0.042753
-122.990000 47.950000 0.036366
-122.980000 47.940000 0.045547
-122.950000 48.010000 0.041668
-122.890000 48.000000 0.038765
-123.350000 48.210000 0.044385
-122.942993 47.923547 0.037770
-122.967855 47.917460 0.047400
-122.987907 47.896269 0.041605
-122.969059 47.982747 0.037752
-123.244409 47.931421 0.039635
-122.929126 48.015279 0.050192
-123.254036 47.958101 0.044116
-123.196370 47.992619 0.042014
-123.174544 48.023482 0.036345
-123.190348 48.006173 0.036617
-123.400000 47.950000 0.051094
-122.992179 48.035111 0.034311
-123.276522 48.017509 0.039078
-122.933179 48.054635 0.040912
-123.215617 47.984831 0.052347
-123.001123 47.913684 0.042455
-123.157804 48.108748 0.050732
-122.950000 48.290000 0.041430
-123.121102 48.138855 0.039169
-123.020000 48.300000 0.033963
-123.146159 48.116121 0.035721
-123.153223 48.109595 0.041648
-123.135539 48.162105 0.036899
-123.158765 48.167839 0.035504
-123.137516 48.116418 0.053056
-123.084814 48.149919 0.042487
-123.119971 48.138981 0.043436
-123.000000 47.960000 0.039511
-123.000000 47.960000 0.037807
-123.000000 47.900000 0.032980
-123.020000 47.950000 0.047922
-122.980000 47.940000 0.039265
-122.920000 47.980000 0.049469
-123.280000 47.730000 0.047071
-123.010000 47.940000 0.048016
-123.020000 48.040000 0.042603
-123.400000 48.210000 0.034235
-122.930000 48.000000 0.047842
-123.250000 48.020000 0.044822
-122.880000 48.010000 0.041437
-122.950000 47.940000 0.050697
-122.920000 47.990000 0.045002
-122.960000 47.950000 0.038062
-122.930000 47.960000 0.021583
-122.970000 47.940000 0.041433
-122.890000 47.960000 0.047353
-122.930000 48.270000 0.051012
-122.630000 47.890000 0.040465
-122.680000 47.870000 0.045434
-122.880000 47.990000 0.034777
-122.890000 48.100000 0.039870