-122.830000 48.090000 0.049176
-122.920000 48.080000 0.048382
-122.900000 47.940000 0.050539
-123.240000 47.700000 0.050647
-122.950000 47.770000 0.027650
-123.190000 47.770000 0.041955
-122.890000 47.910000 0.038717
-123.210000 47.780000 0.032723
-122.980000 47.940000 0.041351
-122.997559 47.915727 0.047748
-122.994336 47.913851 0.041175
-122.640000 47.890000 0.046940
-123.203760 47.938481 0.002206
-122.990000 47.950000 0.042249
-122.980000 47.940000 0.042622
-122.950000 48.010000 0.049549
-122.890000 48.000000 0.041399
-123.350000 48.210000 0.037203
-122.942993 47.923547 0.033278
-122.967855 47.917460 0.036862
-122.987907 47.896269 0.049965
-122.969059 47.982747 0.049599
-123.244409 47.931421 0.047030
-122.929126 48.015279 0.039076
-123.254036 47.958101 0.038040
-123.196370 47.992619 0.044195
-123.174544 48.023482 0.025557
-123.190348 48.006173 0.040639
-123.400000 47.950000 0.028199
-122.992179 48.035111 0.043369
-123.276522 48.017509 0.038934
-122.933179 48.054635 0.051547
-123.215617 47.984831 0.033106
-123.001123 47.913684 0.047984
-123.157804 48.108748 0.039964
-122.950000 48.290000 0.047601
-123.121102 48.138855 0.038086
-123.020000 48.300000 0.033261
-123.146159 48.116121 0.036016
-123.153223 48.109595 0.047124
-123.158765 48.167839 0.051523
-123.137516 48.116418 0.039009
-123.084814 48.149919 0.037205
-123.119971 48.138981 0.046786
-123.000000 47.960000 0.052449
-123.000000 47.960000 0.057929
-123.000000 47.900000 0.035563
-123.020000 47.950000 0.040009
-122.980000 47.940000 0.043435
-122.920000 47.980000 0.043456
-123.280000 47.730000 0.036206
-123.020000 48.040000 0.055577
-123.400000 48.210000 0.043732
-122.930000 48.000000 0.055210
-123.250000 48.020000 0.035607
-122.880000 48.010000 0.052169
-122.950000 47.940000 0.037241
-122.930000 47.960000 0.044233
-122.970000 47.940000 0.050139
-122.890000 47.960000 0.043402
-122.930000 48.270000 0.042823
-122.630000 47.890000 0.044005
-122.680000 47.870000 0.045448
-122.880000 47.990000 0.044685
-122.890000 48.100000 0.041102